0.164357
0.175549
0.204530
0.165609
0.161688
0.165163
0.168285
0.171811
0.144298
0.158852
0.144950
0.172534
0.179843
0.144444
0.160211
0.169597
0.144242
0.147552
0.148829
0.187371
0.169452
0.180792
0.185455
0.160146
0.157374
0.144094
0.173783
0.184704
0.185531
0.161793
0.162687
0.162955
0.164960
0.171585
0.180787
0.172784
0.152592
0.167296
0.153765
0.158343
0.176974
0.155128
0.178509
0.160480
0.165211
0.172149
0.192931
0.165570
0.137061
0.158216
0.161161
0.156849
0.136582
0.175888
0.157753
0.159408
0.175473
0.151696
0.150877
0.149248
0.193820
0.176471
0.140167
0.157083
0.144242
0.153465
0.157861
0.157494
0.162469
0.183434
0.174396
0.159910
0.173796
0.192002
0.158974
0.172161
0.179843
0.171050
0.159967
0.188158
0.169374
0.140341
0.158222
0.151815
0.165369
0.149055
0.159689
0.146980
0.150995
0.134721
0.155481
0.145753
0.183772
0.169984
0.158850
0.142535
0.167077
0.196154
0.126023
0.190367
0.154813
0.161842
0.148127
0.157021
0.156381
0.161432
0.165733
0.152673
0.153859
0.152114
0.168511
0.166305
0.157553
0.175138
0.172673
0.158526
0.164107
0.155911
0.164356
0.162235
0.145175
0.165987
0.169243
0.144144
0.145863
0.150571
0.125129
0.149800
0.177029
0.180037
0.172466
0.174399
0.163126
0.146711
0.156256
0.136080
0.160000
0.160202
0.164914
0.147588
0.184554
0.164554
0.161584
0.181701
0.150080
0.158586
0.198353
0.173226
0.164097
0.172330
0.154085
0.173216
0.153969
0.145409
0.185666
0.149958
0.181159
0.171471
0.157191
0.153925
0.167325
0.174561
0.142828
0.175316
0.155721
0.169475
0.172588
0.195755
0.152150
0.190789
0.147600
0.147275
0.208625
0.192225
0.159701
0.166217
0.169282
0.164708
0.161648
0.162822
0.149356
0.169472
0.197139
0.162687
0.156086
0.147525
0.172729
0.168007
0.157238
0.167105
0.158514
0.169046
0.168202
0.166564
0.163121
0.164118
0.174560
0.160823
0.165929
0.181611
0.185526
0.182991
0.147792
0.174123
0.160404
0.172129
0.179255
0.156863
0.168889
0.181034
0.169755
0.182972
0.150725
0.139264
0.142182
0.165201
0.171902
0.148618
0.153755
0.159917
0.171069
0.158216
0.153465
0.164752
0.148250
0.176007
0.161582
0.161793
0.156410
0.147311
0.165982
0.157624
0.143217
0.174342
0.139658
0.152114
0.169765
0.166211
0.170693
0.167052
0.163551
0.156777
0.129392
0.158222
0.168681
0.170175
0.162881
0.159349
0.153368
0.198046
0.138384
0.151683
0.194190
0.186404
0.160197
0.161010
0.164474
0.143337
0.155076
0.167388
0.153131
0.158333
0.154218
0.146692
0.173154
0.192655
0.182562
0.144811
0.141692
0.181796
0.140555
0.154036
0.146006
0.168705
0.164948
0.177901
0.146067
0.166181
0.190743
0.165657
0.155938
0.142118
0.167475
0.150292
0.136669
0.157822
0.160480
0.159341
0.151232
0.137245
0.137718
0.159802
0.168860
0.145051
0.160670
0.188583
0.143018
0.165408
0.160990
0.154629
0.141097
0.155963
0.163349
0.156954
0.181140
0.166757
0.150733
0.145557
0.160582
0.149267
0.159010
0.169899
0.152134
0.151106
0.134652
0.163862
0.172711
0.170640
0.151391
0.141941
0.144139
0.158052
0.165593
0.144094
0.178070
0.166144
0.177045
0.171305
0.170650
0.151721
0.148106
0.165405
0.167684
0.150052
0.154959
0.165941
0.146980
0.147946
0.145124
0.150225
0.192186
0.179676
0.155039
0.169244
0.152062
0.171077
0.176624
0.150558
0.155892
0.170993
0.149058
0.157394
0.151287
0.156787
0.159868
0.179045
0.161290
0.164554
0.153947
0.170899
0.151482
0.170173
0.155152
0.203359
0.174550
0.199695
0.153279
0.168007
0.151515
0.134455
0.149270
0.155556
0.145421
0.215140
0.171821
0.158887
0.164045
0.181386
0.161051
0.161204
0.174529
0.162088
0.166570
0.199750
0.177980
0.168421
0.148068
0.169755
0.162001
0.144826
0.130279
0.161423
0.162621
0.160360
0.159918
0.160929
0.185133
0.140436
0.152632
0.156777
0.159225
0.154388
0.143391
0.171111
0.159398
0.160109
0.165987
0.156579
0.174948
0.201481
0.163309
0.184270
0.145007
0.171313
0.169293
0.147525
0.142783
0.158486
0.172143
0.162693
0.154511
0.160833
0.156863
0.169676
0.157861
0.146869
0.192720
0.143223
0.151232
0.166667
0.164146
0.145941
0.147872
0.158586
0.160088
0.176161
0.149123
0.146956
0.177613
0.162374
0.165408
0.165732
0.158414
0.180568
0.171585
0.158119
0.170747
0.155960
0.137255
0.135526
0.136970
0.128081
0.167714
0.169989
0.150505
0.148432
0.154396
0.149495
0.191419
0.140000
0.180307
0.173572
0.165422
0.169243
0.158186
0.155248
0.179386
0.166397
0.144826
0.170258
0.149697
0.168014
0.176046
0.157084
0.167475
0.168640
0.166049
0.188515
0.172480
0.159349
0.142857
0.159868
0.148248
0.134949
0.145657
0.135436
0.167949
0.175017
0.173026
0.160300
0.174102
0.152079
0.153939
0.153333
0.195379
0.171285
0.179169
0.125000
0.154388
0.173443
0.147677
0.180168
0.151342
0.140000
0.200544
0.174257
0.164040
0.156863
0.173831
0.170517
0.156943
0.164698
0.162020
0.201814
0.190827
0.144848
0.153995
0.154401
0.164286
0.190836
0.129235
0.155721
0.142677
0.166000
0.168657
0.169737
0.161616
0.174141
0.172251
0.173572
0.168307
0.154717
0.190262
0.176251
0.144140
0.192176
0.158416
0.156572
0.151721
0.149097
0.161188
0.156832
0.185116
0.166842
0.173779
0.180990
0.130902
0.151649
0.179757
0.151515
0.158532
0.183673
0.160009
0.158076
0.133692
0.177077
0.148106
0.188911
0.157907
0.160000
0.195175
0.147327
0.169533
0.161414
0.164652
0.170099
0.175960
0.162003
0.197601
0.162162
0.143119
0.152139
0.160289
0.145347
0.153370
0.148200
0.170395
0.154033
0.152851
0.180088
0.156327
0.140944
0.159010
0.166327
0.163181
0.142372
0.165731
0.181393
0.172957
0.173753
0.180198
0.138182
0.182839
0.146631
0.157445
0.159147
0.168840
0.174822
0.141851
0.144751
0.174949
0.145733
0.138322
0.156593
0.171809
0.163858
0.165018
0.162803
0.147009
0.150366
0.161512
0.131089
0.157233
0.146855
0.141010
0.158005
0.177993
0.159142
0.142397
0.154605
0.139035
0.155805
0.127436
0.130585
0.134780
0.180952
0.140163
0.163862
0.148535
0.169298
0.142574
0.157445
0.156463
0.173754
0.155721
0.184546
0.157906
0.151453
0.142437
0.137826
0.137268
0.164948
0.167921
0.172534
0.141851
0.179593
0.136353
0.164166
0.152727
0.124500
0.161410
0.137290
0.196660
0.146276
0.165286
0.148677
0.186770
0.143576
0.183037
0.172782
0.170807
0.146907
0.153377
0.170893
0.136748
0.154825
0.175556
0.189026
0.165049
0.180581
0.187302
0.163960
0.138247
0.172200
0.155116
0.173283
0.160833
0.140014
0.191667
0.148432
0.170868
0.166952
0.177077
0.145859
0.163807
0.165751
0.167143
0.164693
0.175258
0.169989
0.171357
0.136327
0.174908
0.160551
0.158395
0.162801
0.160320
0.191248
0.159909
0.168419
0.167116
0.140541
0.146337
0.178412
0.187912
0.173382
0.170950
0.152958
0.141779
0.142524
0.150917
0.173160
0.172378
0.173754
0.150101
0.147074
0.158386
0.139802
0.163463
0.172729
0.156257
0.159478
0.156360
0.149146
0.151792
0.159261
0.173995
0.156833
0.160007
0.137179
0.145898
0.157585
0.158316
0.175022
0.137719
0.181502
0.175152
0.168611
0.136379
0.167921
0.164166
0.144621
0.180938
0.160989
0.171093
0.163349
0.148967
0.178694
0.151273
0.165438
0.147275
0.158935
0.162020
0.167368
0.170530
0.145276
0.167523
0.197601
0.167677
0.160438
0.167540
0.136832
0.142585
0.137672
0.173435
0.160941
0.144752
0.152484
0.147122
0.176036
0.156410
0.161254
0.178945
0.185085
0.146930
0.162405
0.143856
0.155892
0.160806
0.175691
0.159748
0.151535
0.175015
0.152752
0.162264
0.180568
0.216065
0.159569
0.142424
0.163434
0.186198
0.160594
0.190060
0.154198
0.153962
0.137643
0.201496
0.152381
0.164693
0.177528
0.143325
0.163158
0.147093
0.153164
0.173187
0.172323
0.165477
0.147725
0.153368
0.164356
0.164296
0.137290
0.164838
0.153099
0.144540
0.157048
0.164947
0.157778
0.183133
0.202020
0.199634
0.167166
0.198722
0.155113
0.149394
0.142966
0.157998
0.170324
0.174157
0.159211
0.145962
0.122870
0.161835
0.148119
0.169307
0.154212
0.161301
0.164912
0.153659
0.179466
0.166632
0.181861
0.145127
0.152746
0.135095
0.141447
0.147523
0.162500
0.158567
0.183772
0.185352
0.162598
0.158576
0.185859
0.145331
0.148250
0.152325
0.179897
0.139327
0.185835
0.136582
0.158791
0.161782
0.171617
0.155704
0.151472
0.148535
0.150877
0.173867
0.136238
0.161716
0.164897
0.166639
0.144040
0.141332
0.171617
0.168223
0.165455
0.169674
0.134544
0.157053
0.152992
0.165327
0.183114
0.200371
0.180067
0.143561
0.152726
0.151717
0.182584
0.181414
0.173123
0.171313
0.167904
0.156050
0.153480
0.161128
0.160194
0.162376
0.169518
0.186782
0.149485
0.131320
0.177191
0.174206
0.147985
0.186409
0.163232
0.167525
0.158774
0.169755
0.154007
0.177638
0.161252
0.140363
0.178726
0.164835
0.168814
0.183467
0.152079
0.160320
0.166629
0.184166
0.185988
0.151754
0.152104
0.160396
0.148684
0.141598
0.180198
0.177576
0.187798
0.199949
0.186353
0.154774
0.148998
0.199776
0.163030
0.170846
0.145788
0.173044
0.153939
0.147915
0.158812
0.160799
0.151152
0.166729
0.165580
0.178822
0.173212
0.131313
0.156963
0.159209
0.146907
0.147552
0.157233
0.160358
0.151436
0.146535
0.144848
0.152022
0.159478
0.156634
0.186164
0.140673
0.149739
0.152525
0.158384
0.172394
0.135774
0.153059
0.175140
0.185253
0.152673
0.166405
0.152627
0.132525
0.158804
0.145912
0.169475
0.164874
0.155213
0.176063
0.174115
0.152072
0.147598
0.158586
0.172525
0.148485
0.173783
0.144689
0.170103
0.146733
0.166535
0.150431
0.148119
0.160224
0.180921
0.177839
0.192491
